86911
88988
93092
93095
74650
76727
76725
74646
74645
74641
74636
74632
74626
74623
74616
74614
72600
74607
74606
74602
70512
80801
80809
80812
80815
78746
80824
82838
115595
129954
113572
113568
127863
91038
89020
97207
93114
97203
91033
95124
95132
101304
105391
105387
105380
105378
105375
105369
105364
105360
105357
109476
109473
109471
109469
109466
109464
109460
109456
129909
111474
127839
127845
111469
115586
115589
101284
99205
99211
99197
99191
99188
99182
99178
97167
97172
97175
97180
97185
97189
97192
97199
86939
88996
89002
89006
89009
86918
86923
86928
84908
84903
84892
84886
84880
84875
84872
84870
90981
90985
90990
90994
90999
91005
91009
91013
91016
91022
91026
91029
93102
93099
93082
93078
93074
93068
93064
93069
93072
93084
93088
95083
95089
95095
95100
95105
95111
95114
95118
95120
99194
99200
99208
99217
99214
101290
101286
101278
101272
101268
101263
101258
101256
101260
101266
101276
103298
103303
103306
103310
103314
101302
97209
97210
107408
107401
107404
107406
109482
109484
109486
109488
109489
105399
105400
109494
109492
111503
111498
111500
111506
111509
109496
105402
107417
111511
113584
113580
113577
129926
129930
111479
111483
111486
111490
111493
111494
78733
78726
78722
78720
78717
78714
78709
78729
78738
78742
78748
78752
78750
76734
76735
76731
76720
76717
74625
74628
74631
74652
74654
74622
76683
76686
88976
88974
88971
88968
88965
86907
86916
86912
84916
89011
86933
86932
82834
82831
82828
82826
82822
105351
107370
109449
117663
117667
117672
117657
113555
113552
113550
113549
115576
115569
115568
115567
115588
